
3430
3429
3427
3425
3423
3422
3421
3420
1669
3338
3416
3415
2089
2091
1329
3180
3181
3413
3411
3408
3403
3401
3399
3398
3397
3269
3394
3392
3391
3389
3387
3381
3378
3373
3351
3327
3321
3317
3312
2963
1506
1415
3145
1864
3293
3291
3280
3275
3262
2651
3251
3231
2373
2856
1481
3150
3144
3122
2809
3112
3101
3086
2984
2965
2954
2823
2678
2875
2871
2835
2817
2734
2733
2394
2646
2527
2509
2485
2456
2447
2409
2341
417
2318
2204
1890
1834
1812
1604
1599
1531
1498
1432
1268
1266
1262
1231
1130
1106
988
868
520
785
14
555
502
457
383
157
27
40
16
152
42
9
7
6
5
3436
3435
3434
3433
3432
3431
3437
3438
3439
3440
3442
3443
3444
1516
2863
3445
3446
3448
3447
3449
3450
3451
3452
3453
2084
3455
3457
3456
3458
3460
3462
3461
3464
3463
3466
3467
3468
3469
3470
3471
3473
3472
3475
3474
3477
3476
3479
3478
3480
3100
3481
3482
3484
3483
